951
91 237
459 872
336 172
679 402
147 150
316 352
58 285
7 209
874 102
80 549
255 861
10 4
588 653
180 236
222 493
182 21
364 228
295 558
327 704
68 402
147 421
153 757
20 8
280 66
96 381
12 219
95 44
211 562
708 508
188 76
801 805
484 65
429 384
305 579
239 258
748 867
226 17
882 45
48 210
14 932
73 81
468 615
533 495
298 546
670 408
268 380
830 887
50 65
616 210
305 106
644 264
745 232
447 678
82 19
729 511
781 532
803 173
46 607
732 533
271 830
896 434
702 129
334 241
807 281
118 290
108 514
424 42
701 229
322 142
379 87
218 28
57 338
795 865
57 758
511 332
12 84
76 232
101 71
147 426
377 462
433 347
812 738
504 825
745 844
119 262
439 117
291 115
170 585
225 292
877 783
257 183
812 950
942 858
91 689
377 425
255 28
767 879
122 48
572 408
32 6
328 240
469 260
526 226
317 25
717 841
179 886
497 437
405 766
719 619
70 143
306 889
12 556
181 200
725 235
814 29
100 5
55 851
900 51
221 84
937 44
173 90
99 78
127 108
726 588
119 542
91 884
316 227
180 491
370 495
943 98
476 770
521 513
129 437
410 91
173 567
730 392
278 188
253 227
411 457
285 506
650 266
518 169
123 222
115 35
100 936
191 856
527 638
834 101
899 729
165 840
530 33
589 317
396 153
376 141
38 189
110 198
585 837
590 793
935 374
487 365
4 121
382 121
183 6
784 100
894 413
315 28
196 195
342 255
33 560
578 60
206 150
106 599
746 158
502 378
255 571
458 71
54 36
236 480
724 444
855 317
289 160
7 38
858 414
137 436
483 424
72 15
275 161
46 586
500 413
510 17
293 291
929 670
571 613
416 171
414 582
517 46
656 404
593 293
668 802
380 575
622 94
515 384
4 1
660 277
104 302
45 164
768 212
62 16
466 336
649 714
160 42
239 57
615 769
652 898
71 553
373 5
164 254
64 10
494 239
813 617
42 205
325 11
550 244
592 100
217 16
233 465
58 28
151 501
44 76
160 245
360 588
202 39
794 153
578 684
202 631
828 675
101 203
40 94
773 742
117 785
361 709
449 740
145 330
831 138
626 554
371 257
415 230
827 58
512 336
711 158
244 195
70 39
455 7
648 234
115 617
65 442
338 902
151 60
22 63
934 923
96 713
718 2
169 565
66 75
88 554
67 153
632 127
685 789
639 346
427 534
1 11
240 147
57 38
204 153
180 754
66 843
153 335
365 440
14 9
43 68
9 199
951 562
911 758
450 218
18 321
270 228
428 302
16 288
866 371
135 178
296 298
113 30
228 225
33 7
422 230
252 111
89 817
258 435
123 156
721 860
60 692
939 919
34 11
71 124
71 590
427 295
645 368
282 158
192 39
1 49
74 105
39 8
54 69
403 132
142 166
314 393
445 673
168 14
921 846
807 883
205 208
181 411
531 627
74 90
6 161
284 340
358 295
246 181
763 53
286 647
268 29
46 52
209 641
114 544
352 608
194 475
175 158
786 682
610 468
356 58
550 922
945 498
229 66
923 742
388 34
452 285
735 604
355 312
248 447
809 81
306 142
67 12
264 185
89 138
498 457
273 67
398 637
250 245
296 260
241 734
808 703
9 319
300 277
312 782
750 699
443 509
415 463
43 130
389 40
284 538
863 232
354 281
402 835
448 3
525 266
485 432
55 13
425 787
327 581
269 286
881 576
914 300
56 238
641 910
111 185
162 27
373 691
18 1
446 481
313 16
242 281
232 804
69 314
864 638
89 70
49 133
96 419
327 45
690 241
129 117
70 227
340 482
783 182
551 538
619 90
36 48
343 287
574 587
66 669
262 277
845 733
2 3
531 524
559 545
88 31
146 284
413 806
327 434
459 258
1 272
245 423
917 173
265 77
52 838
548 460
66 112
242 276
940 743
611 457
637 748
85 47
894 915
37 91
685 204
307 359
395 391
294 387
365 643
63 98
114 52
81 603
340 890
628 584
237 392
604 1
47 37
54 80
780 188
199 351
329 254
12 10
405 662
41 102
717 170
44 191
13 369
178 625
69 106
83 35
86 37
5 6
103 56
930 223
712 495
218 307
733 202
16 36
420 287
511 743
897 913
908 897
434 848
118 477
549 710
29 401
438 119
798 453
537 501
104 140
94 148
37 43
8 4
152 605
290 414
294 505
15 326
300 574
430 143
82 154
42 34
652 606
601 452
122 931
201 383
68 234
399 535
906 494
18 331
412 471
366 40
19 15
655 64
13 408
438 686
524 399
226 242
642 120
522 422
747 751
84 174
891 452
427 676
756 452
162 624
281 297
43 287
160 165
102 470
86 111
128 68
933 909
181 568
16 1
1 25
118 456
875 123
924 130
123 871
21 348
363 788
594 278
225 66
649 176
792 125
659 653
37 24
407 24
139 121
207 775
117 64
30 44
130 159
145 294
144 152
919 746
74 145
60 77
118 432
802 818
149 41
204 309
225 241
189 312
147 120
606 707
310 43
580 332
19 694
23 7
268 418
332 63
944 746
23 87
412 67
295 233
319 545
408 451
308 199
413 445
3 15
857 346
543 121
776 593
344 80
264 443
297 687
65 279
44 51
100 108
7 3
244 523
49 324
744 645
110 56
369 907
120 460
486 287
25 224
473 113
777 499
362 82
269 700
130 144
14 552
10 123
869 300
218 677
600 362
11 928
10 193
168 446
575 614
49 431
85 790
204 640
256 370
706 258
214 48
338 539
25 854
271 361
173 488
284 372
235 58
46 32
89 231
125 78
198 849
243 6
149 318
705 407
720 623
292 496
507 151
527 252
367 125
925 639
347 665
40 45
185 532
30 680
767 305
215 220
385 167
213 157
938 338
609 853
405 378
64 870
172 111
904 157
59 39
323 41
239 453
664 245
795 521
736 502
215 99
671 561
761 279
742 629
741 708
22 31
620 476
4 320
946 837
439 520
184 115
728 21
319 350
179 49
315 508
158 38
14 17
220 472
201 563
404 97
868 389
504 267
897 845
71 49
289 675
10 30
122 137
927 336
753 171
563 760
18 474
850 777
162 602
749 713
566 326
606 546
180 397
820 90
263 190
862 229
663 588
21 22
276 399
176 42
791 110
801 513
105 570
10 13
34 118
651 779
35 16
526 765
50 476
341 52
181 8
634 300
342 377
141 140
96 797
810 782
604 778
232 269
398 93
220 490
204 212
57 417
836 725
308 847
261 266
109 43
521 557
661 646
697 190
823 126
345 61
494 683
538 569
859 267
289 374
796 396
918 269
564 527
826 34
170 66
384 319
131 24
73 283
186 113
381 878
146 113
629 497
56 40
365 56
10 657
747 446
384 716
21 467
41 39
618 456
540 482
112 519
3 260
661 755
577 332
764 435
762 375
247 513
307 394
137 157
191 256
132 59
375 279
197 66
333 291
356 646
573 154
941 865
142 195
28 11
247 35
60 43
492 343
122 360
171 667
635 155
111 772
722 561
444 312
394 703
727 682
438 441
363 252
104 74
632 800
142 107
301 105
2 24
626 771
261 260
347 48
415 479
668 253
161 223
135 207
596 43
380 651
912 822
609 390
252 658
892 158
547 612
480 672
48 135
499 55
6 528
368 40
194 390
114 461
547 448
413 34
774 248
11 66
8 50
562 909
544 666
61 47
876 321
555 527
17 249
765 839
489 21
1 2
46 126
816 562
873 41
53 25
303 119
27 17
337 316
636 147
162 180
245 311
541 97
105 464
833 479
633 448
202 583
140 821
400 215
259 122
194 233
529 38
893 496
267 146
111 274
22 194
134 28
676 698
134 449
603 693
163 9
584 259
793 811
88 926
230 189
380 503
304 295
674 633
759 578
330 901
681 116
97 30
15 378
628 815
62 73
148 167
152 211
4 5
119 76
187 31
696 403
405 654
353 695
